56,46166,9993
41,44076,9995
36,46866,9992
61,33458,9980
89,1255,9988
65,90423,9998
67,51584,9975
83,16440,9987
81,62059,9999
87,12644,9996
85,97475,9998
25,74367,9999
76,45248,9998
27,89842,9999
21,46230,9985
23,30875,9999
47,38449,9996
45,78238,9999
29,16482,9995
18,7430,9997
0,45692,999
2,99117,9990
4,97034,9979
6,92510,9996
8,78943,9956
78,234,9997
49,60660,998
43,45146,9982
34,61227,9993
98,59656,9985
12,82398,9996
72,25829,9999
70,12032,9987
90,51366,9994
92,7112,9999
69,67655,9988
94,7636,9999
74,19511,9997
96,59353,9986
10,17066,9998
38,18110,9995
58,43784,9998
14,81832,9979
16,55290,9990
54,518,9996
30,6002,9992
50,37638,9996
52,87864,9995
63,36182,9995
32,6870,9994
