37,94910,9954
60,26306,9999
68,80128,9976
88,62189,9983
64,68330,9993
35,36375,9961
66,46124,9985
82,43998,9995
80,32431,9998
86,56592,9992
84,45933,9933
24,35710,9993
26,93560,9986
20,30052,9990
22,10645,9990
19,39634,999
44,28343,999
42,40054,9996
28,48378,9984
40,52407,9995
1,48825,9996
3,9061,9988
46,82264,9990
5,99962,9986
79,84133,9983
7,78574,9982
9,7943,9999
13,57675,9971
99,54843,9995
75,79887,9997
73,13043,9995
71,54791,9995
91,83778,9980
15,27890,9995
93,5348,9979
95,58135,9995
97,35590,9992
11,68999,9998
77,79056,9991
39,98435,9995
59,50289,9996
48,51796,9979
17,59203,995
55,79227,9997
57,21043,9985
51,4039,9999
62,90882,9993
53,90011,9999
33,90516,997
31,72668,9999
